13359   -3
13361   -5
13361   -4
13360   -4
13360   -4
13361   -5
13362   -4
13363   -4
13362   -4
13362   -3
13361   -1
13360   -4
13359   -1
13360   -1
13361   2
13361   3
13361   -1
13361   -2
13363   -5
13360   0
13361   -1
13361   0
13363   -2
13361   -2
13360   -1
13361   2
13363   0
13359   -2
13359   0
13361   1
13359   2
13361   2
13361   -1
13364   -3
13363   -4
13360   -3
13359   -4
13362   -3
13362   0
13362   -1
13359   -1
13361   -4
13365   -1
13357   -1
13359   0
13360   0
13363   0
13362   2
13359   1
13360   -2
13361   -4
13363   0
13361   1
13360   2
13361   2
13363   -3
13361   3
13361   1
13360   2
13361   -2
13360   3
13363   4
13361   3
13360   4
13361   -1
13360   -4
13361   -2
13362   0
13362   -2
13359   -3
13365   1
13363   0
13361   -1
13360   -1
13365   1
13359   -1
13358   -1
13360   1
13361   1
13363   4
13360   1
13360   0
13360   -4
13362   -1
13361   2
13363   3
13362   0
13364   0
13361   -2
13361   2
13360   2
13357   -1
13359   3
13362   0
13362   3
13360   1
13358   0
13363   -1
13365   -2
13361   -1
13361   -2
13361   -1
13364   1
13363   0
13359   0
13361   -1
13362   2
13360   1
13357   1
13360   4
13362   0
13363   4
13360   3
13361   -1
13361   -2
13362   2
13362   4
13360   4
13360   3
13363   1
13360   4
13363   2
13361   5
13357   2
13361   5
13361   6
13360   5
13359   5
13359   -1
13361   -1
13363   0
13362   -4
13360   -2
13359   -1
13364   -2
13363   -2
13360   -2
13362   -1
13363   -1
13360   -2
13357   1
13360   1
13361   2
13361   3
13359   1
13359   0
13361   -3
13358   0
13361   1
13361   2
13363   2
13361   -2
13360   1
13359   2
13361   2
13361   2
13361   2
13361   3
13359   4
13361   4
13361   3
13364   -1
13365   -2
13360   1
13361   0
13362   1
13364   2
13362   3
13359   3
13361   0
13363   3
13359   -1
13357   2
13360   4
13363   4
13362   4
13361   5
13360   0
13359   0
13363   2
13361   3
13360   4
13363   4
13365   1
13361   3
13361   5
13362   4
13359   2
13360   3
13363   6
13361   3
13360   4
13361   1
13362   -2
13363   -2
13360   0
13362   0
13361   1
13365   1
13363   2
13361   3
13360   1
13363   1
13357   -1
13358   1
13360   3
13361   3
13363   6
13360   3
13360   2
13360   0
13360   1
13361   2
13363   3
13364   0
13362   4
13359   2
13359   6
13360   4
13359   1
13361   3
13364   4
13360   7
13362   5
13360   2
13361   1
13363   0
13363   3
13363   -2
13363   3
13366   1
13365   2
13359   2
13361   1
13362   4
13360   1
13359   5
13360   4
13364   4
13361   6
13360   3
13359   3
13363   2
13360   4
13360   4
13360   6
13360   7
13365   1
13358   6
13363   4
13361   5
13359   6
13359   5
13361   8
13358   5
13357   7